function[na_mid] = get_elemental_isotope_abundances()

% return na mid structure

na_mid.C = [0.989300000000000,0.0107000000000000];
na_mid.N = [0.996320000000000,0.00368000000000000];
na_mid.O = [0.997570000000000,0.000380000000000000,0.00205000000000000];
na_mid.S = [0.949300000000000,0.00760000000000000,0.0429000000000000,0,0.000200000000000000];
na_mid.H = [0.999885000000000,0.000115000000000000];

end